0010100101100111011010111101101111101100001011001010010100000111011110
1000000100100010000100100001110010011001001100101010010110010001001101
0101110101101110100001010100001110001000011100000000110110110011101000
0010000111011101011011010100011100000011011011100111010100110011001010
0001101111100100010111110110011101111110101101111100001101011101001001
1010011101000010001101110100010100110101011111010101111110011110100101
0110111000110110011111110011101001111111011001110101010010011110111011
1100011111110101010001100011100011110010110000001010101010011111000000
1001001100001010110110110001011101000010000010110010100110111000100001
0010011010111101101101111000000111001011110000110011011000000000011000
1111000010100000000111110011100001010001000001010101111001100100000000
1011000001001100011000111110110110101110011011111100001111011111000010
1000110000000100010101010001110010111100101110011011101000100000111001
1010100111100011100100010000000111101010111111111001000010100000011010
1100101010110010010100011001111110111100111010111111101010110110110101
0110000100100111100000011101001000010000101100010010001111001101110011
1110011100011000101001100011010010010011101011011001111101011111010001
1001011100011010110001001100111111010111100010101111111100110111101011
1001110000100100110000001000101000001110010110001000000100110011011110
0101101010100101000000001111111111110100111101010100101011100010111111
1010011110001000100110010101011011101101100010010000111110001101001001
0001110011000010100111110111010010011110111001110101011100010000100000
1010110000001101110000011001010110110010110001110000010110010001110111
1110110010101010000000101111011111010010000011101011010010111010110010
0111010000111100100010011011000001101111010111001001101111001101100000
1010111010110011100001100101000101110010111101100111111011001111001111
1000010110011111011110111000001011000111010101100100001011011100101000
0010000101000010010000001010011011110111001010110011011001110111010011
1110101110101010101010011100011001111001100001001010010010110001011100
0100110010010010010110111011010111000001001110101110010111100010000101
1110010100111011100110100000111100111110010000111101011100001000110110
1000110000111111100001101001011100110110011011001100000100100011010000
1010000010110010110100010100101100000100110001010010101101010111011011
0011100100111011010001111111010110110100111011110010100010110111000111
0011101101101011101011100110111101001010011010100100000011100100000100
0101010011111000011001010001111010010010100111000011000110011000011110
0100010110011100010000010010011011010101110101011010110001011111100111
1011011100000100000111110011011111110001001000111100000000100101110101
0010100110001011101100101110110110010101101001011100101111110101011111
0011000110011001001111010001011110000100001000001010010111101101100001
0001100101011000010001101001011101010111011011111000010000101111100110
1010111101001010000000100001011111101110011111110100111000101000101111
1110011010110011011011100100011011100011011110010111100100000011101000
1110010011010111001111001101111100111011000101000000000111101011110000
1011111110110110111111000100001011110100011110110100000001100101110111
0010011000011101110000100010011100110111011111000001101000000001011100
0101110111100011110011101000011100000100011101110101111010101111000101
0110001111000110001001000111011111010011110011110111001000111000011100
0100100010101111110101010011000100011011000110111000111001001001001111
0110011000110001000111001111011111001011010011111100011111011001000011
